(kicad_pcb (version 20171130) (host pcbnew 5.1.4-e60b266~84~ubuntu18.04.1)

  (general
    (thickness 1.6)
    (drawings 8)
    (tracks 331)
    (zones 0)
    (modules 51)
    (nets 57)
  )

  (page A4)
  (layers
    (0 F.Cu signal)
    (31 B.Cu signal)
    (32 B.Adhes user)
    (33 F.Adhes user)
    (34 B.Paste user)
    (35 F.Paste user)
    (36 B.SilkS user)
    (37 F.SilkS user)
    (38 B.Mask user)
    (39 F.Mask user)
    (40 Dwgs.User user)
    (41 Cmts.User user)
    (42 Eco1.User user)
    (43 Eco2.User user)
    (44 Edge.Cuts user)
    (45 Margin user)
    (46 B.CrtYd user)
    (47 F.CrtYd user)
    (48 B.Fab user hide)
    (49 F.Fab user hide)
  )

  (setup
    (last_trace_width 0.2)
    (user_trace_width 0.2)
    (user_trace_width 0.4)
    (user_trace_width 0.6)
    (trace_clearance 0.2)
    (zone_clearance 0.2)
    (zone_45_only no)
    (trace_min 0.2)
    (via_size 0.6)
    (via_drill 0.3)
    (via_min_size 0.3)
    (via_min_drill 0.3)
    (uvia_size 0.3)
    (uvia_drill 0.1)
    (uvias_allowed no)
    (uvia_min_size 0.2)
    (uvia_min_drill 0.1)
    (edge_width 0.05)
    (segment_width 0.2)
    (pcb_text_width 0.3)
    (pcb_text_size 1.5 1.5)
    (mod_edge_width 0.12)
    (mod_text_size 1 1)
    (mod_text_width 0.15)
    (pad_size 7 7)
    (pad_drill 3.5)
    (pad_to_mask_clearance 0.051)
    (solder_mask_min_width 0.25)
    (aux_axis_origin 0 0)
    (visible_elements FFFFFF7F)
    (pcbplotparams
      (layerselection 0x010f0_ffffffff)
      (usegerberextensions false)
      (usegerberattributes false)
      (usegerberadvancedattributes false)
      (creategerberjobfile false)
      (excludeedgelayer true)
      (linewidth 0.100000)
      (plotframeref false)
      (viasonmask false)
      (mode 1)
      (useauxorigin false)
      (hpglpennumber 1)
      (hpglpenspeed 20)
      (hpglpendiameter 15.000000)
      (psnegative false)
      (psa4output false)
      (plotreference true)
      (plotvalue false)
      (plotinvisibletext false)
      (padsonsilk false)
      (subtractmaskfromsilk false)
      (outputformat 1)
      (mirror false)
      (drillshape 0)
      (scaleselection 1)
      (outputdirectory "gerbers/"))
  )

  (net 0 "")
  (net 1 /OSC32_IN)
  (net 2 /OSC32_OUT)
  (net 3 /OSC_IN)
  (net 4 /OSC_OUT)
  (net 5 /NRST)
  (net 6 +3V3)
  (net 7 VBUS)
  (net 8 "Net-(F1-Pad2)")
  (net 9 +BATT)
  (net 10 /USB_N)
  (net 11 /USB_P)
  (net 12 "Net-(J2-Pad4)")
  (net 13 /SWDIO)
  (net 14 /SWCLK)
  (net 15 /SCL)
  (net 16 /SDA)
  (net 17 /MCU_USB_P)
  (net 18 /MCU_USB_N)
  (net 19 "Net-(R6-Pad2)")
  (net 20 "Net-(R7-Pad2)")
  (net 21 "Net-(RV1-Pad2)")
  (net 22 "Net-(RV1-Pad1)")
  (net 23 /POW_STAT)
  (net 24 "Net-(C13-Pad1)")
  (net 25 "Net-(C14-Pad1)")
  (net 26 "Net-(C16-Pad1)")
  (net 27 "Net-(U1-Pad2)")
  (net 28 "Net-(U1-Pad10)")
  (net 29 "Net-(U1-Pad11)")
  (net 30 "Net-(U1-Pad12)")
  (net 31 "Net-(U1-Pad13)")
  (net 32 "Net-(U1-Pad14)")
  (net 33 "Net-(U1-Pad15)")
  (net 34 "Net-(U1-Pad16)")
  (net 35 "Net-(U1-Pad17)")
  (net 36 "Net-(U1-Pad18)")
  (net 37 "Net-(U1-Pad19)")
  (net 38 "Net-(U1-Pad21)")
  (net 39 "Net-(U1-Pad22)")
  (net 40 "Net-(U1-Pad25)")
  (net 41 "Net-(U1-Pad26)")
  (net 42 "Net-(U1-Pad27)")
  (net 43 "Net-(U1-Pad29)")
  (net 44 "Net-(U1-Pad31)")
  (net 45 "Net-(U1-Pad38)")
  (net 46 "Net-(U1-Pad39)")
  (net 47 "Net-(U1-Pad40)")
  (net 48 "Net-(U1-Pad41)")
  (net 49 GND)
  (net 50 "Net-(J5-Pad1)")
  (net 51 /DATA)
  (net 52 "Net-(R12-Pad1)")
  (net 53 "Net-(Y2-Pad2)")
  (net 54 "Net-(Y2-Pad4)")
  (net 55 "Net-(U1-Pad28)")
  (net 56 /CHG_STAT)

  (net_class Default "This is the default net class."
    (clearance 0.2)
    (trace_width 0.2)
    (via_dia 0.6)
    (via_drill 0.3)
    (uvia_dia 0.3)
    (uvia_drill 0.1)
    (add_net +3V3)
    (add_net +BATT)
    (add_net /CHG_STAT)
    (add_net /DATA)
    (add_net /MCU_USB_N)
    (add_net /MCU_USB_P)
    (add_net /NRST)
    (add_net /OSC32_IN)
    (add_net /OSC32_OUT)
    (add_net /OSC_IN)
    (add_net /OSC_OUT)
    (add_net /POW_STAT)
    (add_net /SCL)
    (add_net /SDA)
    (add_net /SWCLK)
    (add_net /SWDIO)
    (add_net /USB_N)
    (add_net /USB_P)
    (add_net GND)
    (add_net "Net-(C13-Pad1)")
    (add_net "Net-(C14-Pad1)")
    (add_net "Net-(C16-Pad1)")
    (add_net "Net-(F1-Pad2)")
    (add_net "Net-(J2-Pad4)")
    (add_net "Net-(J5-Pad1)")
    (add_net "Net-(R12-Pad1)")
    (add_net "Net-(R6-Pad2)")
    (add_net "Net-(R7-Pad2)")
    (add_net "Net-(RV1-Pad1)")
    (add_net "Net-(RV1-Pad2)")
    (add_net "Net-(U1-Pad10)")
    (add_net "Net-(U1-Pad11)")
    (add_net "Net-(U1-Pad12)")
    (add_net "Net-(U1-Pad13)")
    (add_net "Net-(U1-Pad14)")
    (add_net "Net-(U1-Pad15)")
    (add_net "Net-(U1-Pad16)")
    (add_net "Net-(U1-Pad17)")
    (add_net "Net-(U1-Pad18)")
    (add_net "Net-(U1-Pad19)")
    (add_net "Net-(U1-Pad2)")
    (add_net "Net-(U1-Pad21)")
    (add_net "Net-(U1-Pad22)")
    (add_net "Net-(U1-Pad25)")
    (add_net "Net-(U1-Pad26)")
    (add_net "Net-(U1-Pad27)")
    (add_net "Net-(U1-Pad28)")
    (add_net "Net-(U1-Pad29)")
    (add_net "Net-(U1-Pad31)")
    (add_net "Net-(U1-Pad38)")
    (add_net "Net-(U1-Pad39)")
    (add_net "Net-(U1-Pad40)")
    (add_net "Net-(U1-Pad41)")
    (add_net "Net-(Y2-Pad2)")
    (add_net "Net-(Y2-Pad4)")
    (add_net VBUS)
  )

  (module Connector_Wire:SolderWirePad_1x02_P5.08mm_Drill1.5mm (layer F.Cu) (tedit 5AEE5F19) (tstamp 5D75CB4A)
    (at 70.3 78.4)
    (descr "Wire solder connection")
    (tags connector)
    (path /5D574730)
    (attr virtual)
    (fp_text reference J3 (at 8.4 0.05) (layer F.SilkS)
      (effects (font (size 1 1) (thickness 0.15)))
    )
    (fp_text value Battery (at 2.54 3.81) (layer F.Fab)
      (effects (font (size 1 1) (thickness 0.15)))
    )
    (fp_line (start 7.33 2.25) (end -2.25 2.25) (layer F.CrtYd) (width 0.05))
    (fp_line (start 7.33 2.25) (end 7.33 -2.25) (layer F.CrtYd) (width 0.05))
    (fp_line (start -2.25 -2.25) (end -2.25 2.25) (layer F.CrtYd) (width 0.05))
    (fp_line (start -2.25 -2.25) (end 7.33 -2.25) (layer F.CrtYd) (width 0.05))
    (fp_text user %R (at 2.54 0) (layer F.Fab)
      (effects (font (size 1 1) (thickness 0.15)))
    )
    (pad 2 thru_hole circle (at 5.08 0) (size 3.50012 3.50012) (drill 1.50114) (layers *.Cu *.Mask)
      (net 49 GND))
    (pad 1 thru_hole rect (at 0 0) (size 3.50012 3.50012) (drill 1.50114) (layers *.Cu *.Mask)
      (net 9 +BATT))
  )

  (module Package_TO_SOT_SMD:SOT-23-5 (layer B.Cu) (tedit 5A02FF57) (tstamp 5D741858)
    (at 66.3 72.2 90)
    (descr "5-pin SOT23 package")
    (tags SOT-23-5)
    (path /5D50DAED)
    (attr smd)
    (fp_text reference U2 (at -2.85 0.2 180) (layer B.SilkS)
      (effects (font (size 1 1) (thickness 0.15)) (justify mirror))
    )
    (fp_text value MCP73831-2-OT (at 0 -2.9 270) (layer B.Fab)
      (effects (font (size 1 1) (thickness 0.15)) (justify mirror))
    )
    (fp_line (start 0.9 1.55) (end 0.9 -1.55) (layer B.Fab) (width 0.1))
    (fp_line (start 0.9 -1.55) (end -0.9 -1.55) (layer B.Fab) (width 0.1))
    (fp_line (start -0.9 0.9) (end -0.9 -1.55) (layer B.Fab) (width 0.1))
    (fp_line (start 0.9 1.55) (end -0.25 1.55) (layer B.Fab) (width 0.1))
    (fp_line (start -0.9 0.9) (end -0.25 1.55) (layer B.Fab) (width 0.1))
    (fp_line (start -1.9 -1.8) (end -1.9 1.8) (layer B.CrtYd) (width 0.05))
    (fp_line (start 1.9 -1.8) (end -1.9 -1.8) (layer B.CrtYd) (width 0.05))
    (fp_line (start 1.9 1.8) (end 1.9 -1.8) (layer B.CrtYd) (width 0.05))
    (fp_line (start -1.9 1.8) (end 1.9 1.8) (layer B.CrtYd) (width 0.05))
    (fp_line (start 0.9 1.61) (end -1.55 1.61) (layer B.SilkS) (width 0.12))
    (fp_line (start -0.9 -1.61) (end 0.9 -1.61) (layer B.SilkS) (width 0.12))
    (fp_text user %R (at 0 0) (layer B.Fab)
      (effects (font (size 0.5 0.5) (thickness 0.075)) (justify mirror))
    )
    (pad 5 smd rect (at 1.1 0.95 90) (size 1.06 0.65) (layers B.Cu B.Paste B.Mask)
      (net 21 "Net-(RV1-Pad2)"))
    (pad 4 smd rect (at 1.1 -0.95 90) (size 1.06 0.65) (layers B.Cu B.Paste B.Mask)
      (net 7 VBUS))
    (pad 3 smd rect (at -1.1 -0.95 90) (size 1.06 0.65) (layers B.Cu B.Paste B.Mask)
      (net 9 +BATT))
    (pad 2 smd rect (at -1.1 0 90) (size 1.06 0.65) (layers B.Cu B.Paste B.Mask)
      (net 49 GND))
    (pad 1 smd rect (at -1.1 0.95 90) (size 1.06 0.65) (layers B.Cu B.Paste B.Mask)
      (net 56 /CHG_STAT))
    (model ${KISYS3DMOD}/Package_TO_SOT_SMD.3dshapes/SOT-23-5.wrl
      (at (xyz 0 0 0))
      (scale (xyz 1 1 1))
      (rotate (xyz 0 0 0))
    )
  )

  (module Capacitor_SMD:C_0603_1608Metric_Pad1.05x0.95mm_HandSolder (layer B.Cu) (tedit 5B301BBE) (tstamp 5D741824)
    (at 63.4 72.45 90)
    (descr "Capacitor SMD 0603 (1608 Metric), square (rectangular) end terminal, IPC_7351 nominal with elongated pad for handsoldering. (Body size source: http://www.tortai-tech.com/upload/download/2011102023233369053.pdf), generated with kicad-footprint-generator")
    (tags "capacitor handsolder")
    (path /5D559341)
    (attr smd)
    (fp_text reference C20 (at 2.4 -0.55 180) (layer B.SilkS)
      (effects (font (size 1 1) (thickness 0.15)) (justify mirror))
    )
    (fp_text value 4.7uF (at 0 -1.43 270) (layer B.Fab)
      (effects (font (size 1 1) (thickness 0.15)) (justify mirror))
    )
    (fp_text user %R (at 0 0 270) (layer B.Fab)
      (effects (font (size 0.4 0.4) (thickness 0.06)) (justify mirror))
    )
    (fp_line (start 1.65 -0.73) (end -1.65 -0.73) (layer B.CrtYd) (width 0.05))
    (fp_line (start 1.65 0.73) (end 1.65 -0.73) (layer B.CrtYd) (width 0.05))
    (fp_line (start -1.65 0.73) (end 1.65 0.73) (layer B.CrtYd) (width 0.05))
    (fp_line (start -1.65 -0.73) (end -1.65 0.73) (layer B.CrtYd) (width 0.05))
    (fp_line (start -0.171267 -0.51) (end 0.171267 -0.51) (layer B.SilkS) (width 0.12))
    (fp_line (start -0.171267 0.51) (end 0.171267 0.51) (layer B.SilkS) (width 0.12))
    (fp_line (start 0.8 -0.4) (end -0.8 -0.4) (layer B.Fab) (width 0.1))
    (fp_line (start 0.8 0.4) (end 0.8 -0.4) (layer B.Fab) (width 0.1))
    (fp_line (start -0.8 0.4) (end 0.8 0.4) (layer B.Fab) (width 0.1))
    (fp_line (start -0.8 -0.4) (end -0.8 0.4) (layer B.Fab) (width 0.1))
    (pad 2 smd roundrect (at 0.875 0 90) (size 1.05 0.95) (layers B.Cu B.Paste B.Mask) (roundrect_rratio 0.25)
      (net 49 GND))
    (pad 1 smd roundrect (at -0.875 0 90) (size 1.05 0.95) (layers B.Cu B.Paste B.Mask) (roundrect_rratio 0.25)
      (net 9 +BATT))
    (model ${KISYS3DMOD}/Capacitor_SMD.3dshapes/C_0603_1608Metric.wrl
      (at (xyz 0 0 0))
      (scale (xyz 1 1 1))
      (rotate (xyz 0 0 0))
    )
  )

  (module MountingHole:MountingHole_3.5mm_Pad (layer F.Cu) (tedit 56D1B4CB) (tstamp 5D4FF043)
    (at 91.5 76.5)
    (descr "Mounting Hole 3.5mm")
    (tags "mounting hole 3.5mm")
    (attr virtual)
    (fp_text reference REF** (at 0 -4.5) (layer F.SilkS) hide
      (effects (font (size 1 1) (thickness 0.15)))
    )
    (fp_text value MountingHole_3.5mm_Pad (at 0 4.5) (layer F.Fab)
      (effects (font (size 1 1) (thickness 0.15)))
    )
    (fp_circle (center 0 0) (end 3.75 0) (layer F.CrtYd) (width 0.05))
    (fp_circle (center 0 0) (end 3.5 0) (layer Cmts.User) (width 0.15))
    (fp_text user %R (at 0.3 0) (layer F.Fab)
      (effects (font (size 1 1) (thickness 0.15)))
    )
    (pad 1 thru_hole circle (at 0 0) (size 7 7) (drill 3.5) (layers *.Cu *.Mask))
  )

  (module MountingHole:MountingHole_3.5mm_Pad (layer F.Cu) (tedit 56D1B4CB) (tstamp 5D4FF043)
    (at 54.5 76.5 270)
    (descr "Mounting Hole 3.5mm")
    (tags "mounting hole 3.5mm")
    (attr virtual)
    (fp_text reference e (at 0 -4.5 90) (layer F.SilkS) hide
      (effects (font (size 1 1) (thickness 0.15)))
    )
    (fp_text value MountingHole_3.5mm_Pad (at 0 4.5 90) (layer F.Fab)
      (effects (font (size 1 1) (thickness 0.15)))
    )
    (fp_circle (center 0 0) (end 3.75 0) (layer F.CrtYd) (width 0.05))
    (fp_circle (center 0 0) (end 3.5 0) (layer Cmts.User) (width 0.15))
    (fp_text user %R (at 0.3 0 90) (layer F.Fab)
      (effects (font (size 1 1) (thickness 0.15)))
    )
    (pad 1 thru_hole circle (at 0 0 270) (size 7 7) (drill 3.5) (layers *.Cu *.Mask))
  )

  (module thermometer:main_button (layer F.Cu) (tedit 5D31F99C) (tstamp 5D755040)
    (at 73 72 180)
    (path /5D19CCA7)
    (fp_text reference SW1 (at -7 0) (layer F.SilkS)
      (effects (font (size 1 1) (thickness 0.15)))
    )
    (fp_text value SW_Push (at 0.2 0.4) (layer F.Fab)
      (effects (font (size 1 1) (thickness 0.15)))
    )
    (fp_line (start -3.1 -3.1) (end -3.1 2.9) (layer F.Fab) (width 0.1))
    (fp_line (start -3.33 -1.4) (end -3.33 1.2) (layer F.SilkS) (width 0.12))
    (fp_line (start -3.33 3.13) (end -3.33 3.1) (layer F.SilkS) (width 0.12))
    (fp_line (start -5.1 3.15) (end 4.9 3.15) (layer F.CrtYd) (width 0.05))
    (fp_line (start 3.13 -3.33) (end 3.13 -3.3) (layer F.SilkS) (width 0.12))
    (fp_line (start 3.13 -1.4) (end 3.13 1.2) (layer F.SilkS) (width 0.12))
    (fp_line (start -3.33 3.13) (end 3.13 3.13) (layer F.SilkS) (width 0.12))
    (fp_line (start 3.13 3.13) (end 3.13 3.1) (layer F.SilkS) (width 0.12))
    (fp_line (start -5.1 -3.35) (end -5.1 3.15) (layer F.CrtYd) (width 0.05))
    (fp_line (start -3.33 -3.3) (end -3.33 -3.33) (layer F.SilkS) (width 0.12))
    (fp_circle (center -0.1 -0.1) (end 1.65 -0.15) (layer F.Fab) (width 0.1))
    (fp_line (start 4.9 3.15) (end 4.9 -3.35) (layer F.CrtYd) (width 0.05))
    (fp_line (start 2.9 2.9) (end 2.9 -3.1) (layer F.Fab) (width 0.1))
    (fp_line (start 2.9 -3.1) (end -3.1 -3.1) (layer F.Fab) (width 0.1))
    (fp_line (start -3.1 2.9) (end 2.9 2.9) (layer F.Fab) (width 0.1))
    (fp_line (start -3.33 -3.33) (end 3.13 -3.33) (layer F.SilkS) (width 0.12))
    (fp_line (start -5.1 -3.35) (end 4.9 -3.35) (layer F.CrtYd) (width 0.05))
    (pad 2 smd rect (at -4.075 2.15 180) (size 1.55 1.3) (layers F.Cu F.Paste F.Mask)
      (net 24 "Net-(C13-Pad1)"))
    (pad 1 smd rect (at -4.075 -2.35 180) (size 1.55 1.3) (layers F.Cu F.Paste F.Mask)
      (net 6 +3V3))
    (pad 2 smd rect (at 3.875 2.15 180) (size 1.55 1.3) (layers F.Cu F.Paste F.Mask)
      (net 24 "Net-(C13-Pad1)"))
    (pad 1 smd rect (at 3.875 -2.35 180) (size 1.55 1.3) (layers F.Cu F.Paste F.Mask)
      (net 6 +3V3))
    (model ${KIPRJMOD}/models/main_button.wrl
      (at (xyz 0 0 0))
      (scale (xyz 1 1 1))
      (rotate (xyz 0 0 0))
    )
  )

  (module Resistor_SMD:R_0603_1608Metric_Pad1.05x0.95mm_HandSolder (layer B.Cu) (tedit 5B301BBD) (tstamp 5D754FD7)
    (at 76.8 73.4 180)
    (descr "Resistor SMD 0603 (1608 Metric), square (rectangular) end terminal, IPC_7351 nominal with elongated pad for handsoldering. (Body size source: http://www.tortai-tech.com/upload/download/2011102023233369053.pdf), generated with kicad-footprint-generator")
    (tags "resistor handsolder")
    (path /5D1AFAFE)
    (attr smd)
    (fp_text reference R11 (at -3 -1.2 180) (layer B.SilkS)
      (effects (font (size 1 1) (thickness 0.15)) (justify mirror))
    )
    (fp_text value 100K (at 0 -1.43 180) (layer B.Fab)
      (effects (font (size 1 1) (thickness 0.15)) (justify mirror))
    )
    (fp_line (start -0.8 -0.4) (end -0.8 0.4) (layer B.Fab) (width 0.1))
    (fp_line (start -0.8 0.4) (end 0.8 0.4) (layer B.Fab) (width 0.1))
    (fp_line (start 0.8 0.4) (end 0.8 -0.4) (layer B.Fab) (width 0.1))
    (fp_line (start 0.8 -0.4) (end -0.8 -0.4) (layer B.Fab) (width 0.1))
    (fp_line (start -0.171267 0.51) (end 0.171267 0.51) (layer B.SilkS) (width 0.12))
    (fp_line (start -0.171267 -0.51) (end 0.171267 -0.51) (layer B.SilkS) (width 0.12))
    (fp_line (start -1.65 -0.73) (end -1.65 0.73) (layer B.CrtYd) (width 0.05))
    (fp_line (start -1.65 0.73) (end 1.65 0.73) (layer B.CrtYd) (width 0.05))
    (fp_line (start 1.65 0.73) (end 1.65 -0.73) (layer B.CrtYd) (width 0.05))
    (fp_line (start 1.65 -0.73) (end -1.65 -0.73) (layer B.CrtYd) (width 0.05))
    (fp_text user %R (at 0 0 180) (layer B.Fab)
      (effects (font (size 0.4 0.4) (thickness 0.06)) (justify mirror))
    )
    (pad 1 smd roundrect (at -0.875 0 180) (size 1.05 0.95) (layers B.Cu B.Paste B.Mask) (roundrect_rratio 0.25)
      (net 6 +3V3))
    (pad 2 smd roundrect (at 0.875 0 180) (size 1.05 0.95) (layers B.Cu B.Paste B.Mask) (roundrect_rratio 0.25)
      (net 23 /POW_STAT))
    (model ${KISYS3DMOD}/Resistor_SMD.3dshapes/R_0603_1608Metric.wrl
      (at (xyz 0 0 0))
      (scale (xyz 1 1 1))
      (rotate (xyz 0 0 0))
    )
  )

  (module MountingHole:MountingHole_3.5mm_Pad (layer F.Cu) (tedit 56D1B4CB) (tstamp 5D254608)
    (at 91.5 39.5 90)
    (descr "Mounting Hole 3.5mm")
    (tags "mounting hole 3.5mm")
    (attr virtual)
    (fp_text reference REF** (at 0 -4.5 90) (layer F.SilkS) hide
      (effects (font (size 1 1) (thickness 0.15)))
    )
    (fp_text value MountingHole_3.5mm_Pad (at 0 4.5 90) (layer F.Fab)
      (effects (font (size 1 1) (thickness 0.15)))
    )
    (fp_text user %R (at 0.3 0 90) (layer F.Fab)
      (effects (font (size 1 1) (thickness 0.15)))
    )
    (fp_circle (center 0 0) (end 3.5 0) (layer Cmts.User) (width 0.15))
    (fp_circle (center 0 0) (end 3.75 0) (layer F.CrtYd) (width 0.05))
    (pad 1 thru_hole circle (at 0 0 90) (size 7 7) (drill 3.5) (layers *.Cu *.Mask))
  )

  (module MountingHole:MountingHole_3.5mm_Pad (layer F.Cu) (tedit 56D1B4CB) (tstamp 5D254608)
    (at 54.5 39.5 180)
    (descr "Mounting Hole 3.5mm")
    (tags "mounting hole 3.5mm")
    (attr virtual)
    (fp_text reference REF** (at 0 -4.5) (layer F.SilkS) hide
      (effects (font (size 1 1) (thickness 0.15)))
    )
    (fp_text value MountingHole_3.5mm_Pad (at 0 4.5) (layer F.Fab)
      (effects (font (size 1 1) (thickness 0.15)))
    )
    (fp_text user %R (at 0.3 0) (layer F.Fab)
      (effects (font (size 1 1) (thickness 0.15)))
    )
    (fp_circle (center 0 0) (end 3.5 0) (layer Cmts.User) (width 0.15))
    (fp_circle (center 0 0) (end 3.75 0) (layer F.CrtYd) (width 0.05))
    (pad 1 thru_hole circle (at 0 0 180) (size 7 7) (drill 3.5) (layers *.Cu *.Mask))
  )

  (module Capacitor_SMD:C_0805_2012Metric_Pad1.15x1.40mm_HandSolder (layer B.Cu) (tedit 5B36C52B) (tstamp 5D740571)
    (at 91.6 62.55)
    (descr "Capacitor SMD 0805 (2012 Metric), square (rectangular) end terminal, IPC_7351 nominal with elongated pad for handsoldering. (Body size source: https://docs.google.com/spreadsheets/d/1BsfQQcO9C6DZCsRaXUlFlo91Tg2WpOkGARC1WS5S8t0/edit?usp=sharing), generated with kicad-footprint-generator")
    (tags "capacitor handsolder")
    (path /5D11339E)
    (attr smd)
    (fp_text reference C19 (at 0 1.75) (layer B.SilkS)
      (effects (font (size 1 1) (thickness 0.15)) (justify mirror))
    )
    (fp_text value 10uF (at 0 -1.65) (layer B.Fab)
      (effects (font (size 1 1) (thickness 0.15)) (justify mirror))
    )
    (fp_text user %R (at 0 0) (layer B.Fab)
      (effects (font (size 0.5 0.5) (thickness 0.08)) (justify mirror))
    )
    (fp_line (start 1.85 -0.95) (end -1.85 -0.95) (layer B.CrtYd) (width 0.05))
    (fp_line (start 1.85 0.95) (end 1.85 -0.95) (layer B.CrtYd) (width 0.05))
    (fp_line (start -1.85 0.95) (end 1.85 0.95) (layer B.CrtYd) (width 0.05))
    (fp_line (start -1.85 -0.95) (end -1.85 0.95) (layer B.CrtYd) (width 0.05))
    (fp_line (start -0.261252 -0.71) (end 0.261252 -0.71) (layer B.SilkS) (width 0.12))
    (fp_line (start -0.261252 0.71) (end 0.261252 0.71) (layer B.SilkS) (width 0.12))
    (fp_line (start 1 -0.6) (end -1 -0.6) (layer B.Fab) (width 0.1))
    (fp_line (start 1 0.6) (end 1 -0.6) (layer B.Fab) (width 0.1))
    (fp_line (start -1 0.6) (end 1 0.6) (layer B.Fab) (width 0.1))
    (fp_line (start -1 -0.6) (end -1 0.6) (layer B.Fab) (width 0.1))
    (pad 2 smd roundrect (at 1.025 0) (size 1.15 1.4) (layers B.Cu B.Paste B.Mask) (roundrect_rratio 0.217391)
      (net 49 GND))
    (pad 1 smd roundrect (at -1.025 0) (size 1.15 1.4) (layers B.Cu B.Paste B.Mask) (roundrect_rratio 0.217391)
      (net 6 +3V3))
    (model ${KISYS3DMOD}/Capacitor_SMD.3dshapes/C_0805_2012Metric.wrl
      (at (xyz 0 0 0))
      (scale (xyz 1 1 1))
      (rotate (xyz 0 0 0))
    )
  )

  (module Capacitor_SMD:C_0805_2012Metric_Pad1.15x1.40mm_HandSolder (layer B.Cu) (tedit 5B36C52B) (tstamp 5D740541)
    (at 83.4 64.875 270)
    (descr "Capacitor SMD 0805 (2012 Metric), square (rectangular) end terminal, IPC_7351 nominal with elongated pad for handsoldering. (Body size source: https://docs.google.com/spreadsheets/d/1BsfQQcO9C6DZCsRaXUlFlo91Tg2WpOkGARC1WS5S8t0/edit?usp=sharing), generated with kicad-footprint-generator")
    (tags "capacitor handsolder")
    (path /5D11756D)
    (attr smd)
    (fp_text reference C15 (at 2.675 -0.4 180) (layer B.SilkS)
      (effects (font (size 1 1) (thickness 0.15)) (justify mirror))
    )
    (fp_text value 10uF (at 0 -1.65 90) (layer B.Fab)
      (effects (font (size 1 1) (thickness 0.15)) (justify mirror))
    )
    (fp_text user %R (at 0 0 90) (layer B.Fab)
      (effects (font (size 0.5 0.5) (thickness 0.08)) (justify mirror))
    )
    (fp_line (start 1.85 -0.95) (end -1.85 -0.95) (layer B.CrtYd) (width 0.05))
    (fp_line (start 1.85 0.95) (end 1.85 -0.95) (layer B.CrtYd) (width 0.05))
    (fp_line (start -1.85 0.95) (end 1.85 0.95) (layer B.CrtYd) (width 0.05))
    (fp_line (start -1.85 -0.95) (end -1.85 0.95) (layer B.CrtYd) (width 0.05))
    (fp_line (start -0.261252 -0.71) (end 0.261252 -0.71) (layer B.SilkS) (width 0.12))
    (fp_line (start -0.261252 0.71) (end 0.261252 0.71) (layer B.SilkS) (width 0.12))
    (fp_line (start 1 -0.6) (end -1 -0.6) (layer B.Fab) (width 0.1))
    (fp_line (start 1 0.6) (end 1 -0.6) (layer B.Fab) (width 0.1))
    (fp_line (start -1 0.6) (end 1 0.6) (layer B.Fab) (width 0.1))
    (fp_line (start -1 -0.6) (end -1 0.6) (layer B.Fab) (width 0.1))
    (pad 2 smd roundrect (at 1.025 0 270) (size 1.15 1.4) (layers B.Cu B.Paste B.Mask) (roundrect_rratio 0.217391)
      (net 49 GND))
    (pad 1 smd roundrect (at -1.025 0 270) (size 1.15 1.4) (layers B.Cu B.Paste B.Mask) (roundrect_rratio 0.217391)
      (net 25 "Net-(C14-Pad1)"))
    (model ${KISYS3DMOD}/Capacitor_SMD.3dshapes/C_0805_2012Metric.wrl
      (at (xyz 0 0 0))
      (scale (xyz 1 1 1))
      (rotate (xyz 0 0 0))
    )
  )

  (module Potentiometer_SMD:Potentiometer_Bourns_3214W_Vertical (layer F.Cu) (tedit 5A3D7171) (tstamp 5D128A93)
    (at 64.1 77.9 90)
    (descr "Potentiometer, vertical, Bourns 3214W, https://www.bourns.com/docs/Product-Datasheets/3214.pdf")
    (tags "Potentiometer vertical Bourns 3214W")
    (path /5D0EF73E)
    (attr smd)
    (fp_text reference RV1 (at 2 -4 180) (layer F.SilkS)
      (effects (font (size 1 1) (thickness 0.15)))
    )
    (fp_text value R_POT (at 0 3.5 90) (layer F.Fab)
      (effects (font (size 1 1) (thickness 0.15)))
    )
    (fp_text user %R (at 0.6 0 90) (layer F.Fab)
      (effects (font (size 0.6 0.6) (thickness 0.15)))
    )
    (fp_line (start 2.65 -2.5) (end -2.65 -2.5) (layer F.CrtYd) (width 0.05))
    (fp_line (start 2.65 2.5) (end 2.65 -2.5) (layer F.CrtYd) (width 0.05))
    (fp_line (start -2.65 2.5) (end 2.65 2.5) (layer F.CrtYd) (width 0.05))
    (fp_line (start -2.65 -2.5) (end -2.65 2.5) (layer F.CrtYd) (width 0.05))
    (fp_line (start 2.52 -1.87) (end 2.52 1.87) (layer F.SilkS) (width 0.12))
    (fp_line (start -2.52 -1.87) (end -2.52 1.87) (layer F.SilkS) (width 0.12))
    (fp_line (start 1.24 1.87) (end 2.52 1.87) (layer F.SilkS) (width 0.12))
    (fp_line (start -2.52 1.87) (end -1.24 1.87) (layer F.SilkS) (width 0.12))
    (fp_line (start -0.36 -1.87) (end 0.36 -1.87) (layer F.SilkS) (width 0.12))
    (fp_line (start -2.52 -1.87) (end -2.14 -1.87) (layer F.SilkS) (width 0.12))
    (fp_line (start 2.14 -1.87) (end 2.52 -1.87) (layer F.SilkS) (width 0.12))
    (fp_line (start -1.2 1.393) (end -1.199 -0.092) (layer F.Fab) (width 0.1))
    (fp_line (start -1.2 1.393) (end -1.199 -0.092) (layer F.Fab) (width 0.1))
    (fp_line (start 2.4 -1.75) (end -2.4 -1.75) (layer F.Fab) (width 0.1))
    (fp_line (start 2.4 1.75) (end 2.4 -1.75) (layer F.Fab) (width 0.1))
    (fp_line (start -2.4 1.75) (end 2.4 1.75) (layer F.Fab) (width 0.1))
    (fp_line (start -2.4 -1.75) (end -2.4 1.75) (layer F.Fab) (width 0.1))
    (fp_circle (center -1.2 0.65) (end -0.45 0.65) (layer F.Fab) (width 0.1))
    (pad 3 smd rect (at -1.25 -1.45 90) (size 1.3 1.6) (layers F.Cu F.Paste F.Mask)
      (net 49 GND))
    (pad 2 smd rect (at 0 1.45 90) (size 2 1.6) (layers F.Cu F.Paste F.Mask)
      (net 21 "Net-(RV1-Pad2)"))
    (pad 1 smd rect (at 1.25 -1.45 90) (size 1.3 1.6) (layers F.Cu F.Paste F.Mask)
      (net 22 "Net-(RV1-Pad1)"))
    (model ${KISYS3DMOD}/Potentiometer_SMD.3dshapes/Potentiometer_Bourns_3214W_Vertical.wrl
      (at (xyz 0 0 0))
      (scale (xyz 1 1 1))
      (rotate (xyz 0 0 0))
    )
  )

  (module Crystal:Crystal_AT310_D3.0mm_L10.0mm_Horizontal_1EP_style1 (layer B.Cu) (tedit 5A0FD1B2) (tstamp 5D129083)
    (at 72.3 52.1 90)
    (descr "Crystal THT AT310 10.0mm-10.5mm length 3.0mm diameter")
    (tags ['AT310'])
    (path /5D28FF8E)
    (fp_text reference Y1 (at 1.2 -1.2 180) (layer B.SilkS)
      (effects (font (size 1 1) (thickness 0.15)) (justify mirror))
    )
    (fp_text value Crystal_GND3 (at 4.39 -3 180) (layer B.Fab)
      (effects (font (size 1 1) (thickness 0.15)) (justify mirror))
    )
    (fp_line (start 3.6 0.8) (end -1 0.8) (layer B.CrtYd) (width 0.05))
    (fp_line (start 3.6 -14.3) (end 3.6 0.8) (layer B.CrtYd) (width 0.05))
    (fp_line (start -1 -14.3) (end 3.6 -14.3) (layer B.CrtYd) (width 0.05))
    (fp_line (start -1 0.8) (end -1 -14.3) (layer B.CrtYd) (width 0.05))
    (fp_line (start 2.54 -1.4) (end 2.54 -0.7) (layer B.SilkS) (width 0.12))
    (fp_line (start 1.87 -2.8) (end 2.54 -1.4) (layer B.SilkS) (width 0.12))
    (fp_line (start 0 -1.4) (end 0 -0.7) (layer B.SilkS) (width 0.12))
    (fp_line (start 0.67 -2.8) (end 0 -1.4) (layer B.SilkS) (width 0.12))
    (fp_line (start 3.07 -2.8) (end 3.07 -3.3) (layer B.SilkS) (width 0.12))
    (fp_line (start -0.53 -2.8) (end 3.07 -2.8) (layer B.SilkS) (width 0.12))
    (fp_line (start -0.53 -3.3) (end -0.53 -2.8) (layer B.SilkS) (width 0.12))
    (fp_line (start 2.54 -1.5) (end 2.54 0) (layer B.Fab) (width 0.1))
    (fp_line (start 1.87 -3) (end 2.54 -1.5) (layer B.Fab) (width 0.1))
    (fp_line (start 0 -1.5) (end 0 0) (layer B.Fab) (width 0.1))
    (fp_line (start 0.67 -3) (end 0 -1.5) (layer B.Fab) (width 0.1))
    (fp_line (start 2.77 -3) (end -0.23 -3) (layer B.Fab) (width 0.1))
    (fp_line (start 2.77 -13.5) (end 2.77 -3) (layer B.Fab) (width 0.1))
    (fp_line (start -0.23 -13.5) (end 2.77 -13.5) (layer B.Fab) (width 0.1))
    (fp_line (start -0.23 -3) (end -0.23 -13.5) (layer B.Fab) (width 0.1))
    (fp_text user %R (at 1.25 -8.5 180) (layer B.Fab)
      (effects (font (size 0.8 0.8) (thickness 0.12)) (justify mirror))
    )
    (pad 3 smd rect (at 1.27 -8.75 90) (size 3.2 10.5) (layers B.Cu B.Paste B.Mask)
      (net 49 GND))
    (pad 2 thru_hole circle (at 2.54 0 90) (size 1 1) (drill 0.5) (layers *.Cu *.Mask)
      (net 2 /OSC32_OUT))
    (pad 1 thru_hole circle (at 0 0 90) (size 1 1) (drill 0.5) (layers *.Cu *.Mask)
      (net 1 /OSC32_IN))
    (model ${KISYS3DMOD}/Crystal.3dshapes/Crystal_AT310_D3.0mm_L10.0mm_Horizontal_1EP_style1.wrl
      (at (xyz 0 0 0))
      (scale (xyz 1 1 1))
      (rotate (xyz 0 0 0))
    )
  )

  (module Capacitor_SMD:C_0603_1608Metric_Pad1.05x0.95mm_HandSolder (layer F.Cu) (tedit 5B301BBE) (tstamp 5D10A4D3)
    (at 59.9 51.3 270)
    (descr "Capacitor SMD 0603 (1608 Metric), square (rectangular) end terminal, IPC_7351 nominal with elongated pad for handsoldering. (Body size source: http://www.tortai-tech.com/upload/download/2011102023233369053.pdf), generated with kicad-footprint-generator")
    (tags "capacitor handsolder")
    (path /5D14FE40)
    (attr smd)
    (fp_text reference C1 (at -2.6 -0.2 180) (layer F.SilkS)
      (effects (font (size 1 1) (thickness 0.15)))
    )
    (fp_text value 0.1uF (at 0 1.43 90) (layer F.Fab)
      (effects (font (size 1 1) (thickness 0.15)))
    )
    (fp_line (start -0.8 0.4) (end -0.8 -0.4) (layer F.Fab) (width 0.1))
    (fp_line (start -0.8 -0.4) (end 0.8 -0.4) (layer F.Fab) (width 0.1))
    (fp_line (start 0.8 -0.4) (end 0.8 0.4) (layer F.Fab) (width 0.1))
    (fp_line (start 0.8 0.4) (end -0.8 0.4) (layer F.Fab) (width 0.1))
    (fp_line (start -0.171267 -0.51) (end 0.171267 -0.51) (layer F.SilkS) (width 0.12))
    (fp_line (start -0.171267 0.51) (end 0.171267 0.51) (layer F.SilkS) (width 0.12))
    (fp_line (start -1.65 0.73) (end -1.65 -0.73) (layer F.CrtYd) (width 0.05))
    (fp_line (start -1.65 -0.73) (end 1.65 -0.73) (layer F.CrtYd) (width 0.05))
    (fp_line (start 1.65 -0.73) (end 1.65 0.73) (layer F.CrtYd) (width 0.05))
    (fp_line (start 1.65 0.73) (end -1.65 0.73) (layer F.CrtYd) (width 0.05))
    (fp_text user %R (at 0 0 90) (layer F.Fab)
      (effects (font (size 0.4 0.4) (thickness 0.06)))
    )
    (pad 1 smd roundrect (at -0.875 0 270) (size 1.05 0.95) (layers F.Cu F.Paste F.Mask) (roundrect_rratio 0.25)
      (net 6 +3V3))
    (pad 2 smd roundrect (at 0.875 0 270) (size 1.05 0.95) (layers F.Cu F.Paste F.Mask) (roundrect_rratio 0.25)
      (net 49 GND))
    (model ${KISYS3DMOD}/Capacitor_SMD.3dshapes/C_0603_1608Metric.wrl
      (at (xyz 0 0 0))
      (scale (xyz 1 1 1))
      (rotate (xyz 0 0 0))
    )
  )

  (module Capacitor_SMD:C_0603_1608Metric_Pad1.05x0.95mm_HandSolder (layer F.Cu) (tedit 5B301BBE) (tstamp 5D10A4E4)
    (at 58.2 51.3 270)
    (descr "Capacitor SMD 0603 (1608 Metric), square (rectangular) end terminal, IPC_7351 nominal with elongated pad for handsoldering. (Body size source: http://www.tortai-tech.com/upload/download/2011102023233369053.pdf), generated with kicad-footprint-generator")
    (tags "capacitor handsolder")
    (path /5D14EF53)
    (attr smd)
    (fp_text reference C2 (at -2.6 0.1 180) (layer F.SilkS)
      (effects (font (size 1 1) (thickness 0.15)))
    )
    (fp_text value 10nF (at 0 1.43 90) (layer F.Fab)
      (effects (font (size 1 1) (thickness 0.15)))
    )
    (fp_text user %R (at 0 0 90) (layer F.Fab)
      (effects (font (size 0.4 0.4) (thickness 0.06)))
    )
    (fp_line (start 1.65 0.73) (end -1.65 0.73) (layer F.CrtYd) (width 0.05))
    (fp_line (start 1.65 -0.73) (end 1.65 0.73) (layer F.CrtYd) (width 0.05))
    (fp_line (start -1.65 -0.73) (end 1.65 -0.73) (layer F.CrtYd) (width 0.05))
    (fp_line (start -1.65 0.73) (end -1.65 -0.73) (layer F.CrtYd) (width 0.05))
    (fp_line (start -0.171267 0.51) (end 0.171267 0.51) (layer F.SilkS) (width 0.12))
    (fp_line (start -0.171267 -0.51) (end 0.171267 -0.51) (layer F.SilkS) (width 0.12))
    (fp_line (start 0.8 0.4) (end -0.8 0.4) (layer F.Fab) (width 0.1))
    (fp_line (start 0.8 -0.4) (end 0.8 0.4) (layer F.Fab) (width 0.1))
    (fp_line (start -0.8 -0.4) (end 0.8 -0.4) (layer F.Fab) (width 0.1))
    (fp_line (start -0.8 0.4) (end -0.8 -0.4) (layer F.Fab) (width 0.1))
    (pad 2 smd roundrect (at 0.875 0 270) (size 1.05 0.95) (layers F.Cu F.Paste F.Mask) (roundrect_rratio 0.25)
      (net 49 GND))
    (pad 1 smd roundrect (at -0.875 0 270) (size 1.05 0.95) (layers F.Cu F.Paste F.Mask) (roundrect_rratio 0.25)
      (net 6 +3V3))
    (model ${KISYS3DMOD}/Capacitor_SMD.3dshapes/C_0603_1608Metric.wrl
      (at (xyz 0 0 0))
      (scale (xyz 1 1 1))
      (rotate (xyz 0 0 0))
    )
  )

  (module Capacitor_SMD:C_0603_1608Metric_Pad1.05x0.95mm_HandSolder (layer F.Cu) (tedit 5B301BBE) (tstamp 5D129965)
    (at 83.1 44.2 270)
    (descr "Capacitor SMD 0603 (1608 Metric), square (rectangular) end terminal, IPC_7351 nominal with elongated pad for handsoldering. (Body size source: http://www.tortai-tech.com/upload/download/2011102023233369053.pdf), generated with kicad-footprint-generator")
    (tags "capacitor handsolder")
    (path /5D1E8694)
    (attr smd)
    (fp_text reference C3 (at -2.3 -1.4 180) (layer F.SilkS)
      (effects (font (size 1 1) (thickness 0.15)))
    )
    (fp_text value 0.1uF (at 0 1.43 90) (layer F.Fab)
      (effects (font (size 1 1) (thickness 0.15)))
    )
    (fp_line (start -0.8 0.4) (end -0.8 -0.4) (layer F.Fab) (width 0.1))
    (fp_line (start -0.8 -0.4) (end 0.8 -0.4) (layer F.Fab) (width 0.1))
    (fp_line (start 0.8 -0.4) (end 0.8 0.4) (layer F.Fab) (width 0.1))
    (fp_line (start 0.8 0.4) (end -0.8 0.4) (layer F.Fab) (width 0.1))
    (fp_line (start -0.171267 -0.51) (end 0.171267 -0.51) (layer F.SilkS) (width 0.12))
    (fp_line (start -0.171267 0.51) (end 0.171267 0.51) (layer F.SilkS) (width 0.12))
    (fp_line (start -1.65 0.73) (end -1.65 -0.73) (layer F.CrtYd) (width 0.05))
    (fp_line (start -1.65 -0.73) (end 1.65 -0.73) (layer F.CrtYd) (width 0.05))
    (fp_line (start 1.65 -0.73) (end 1.65 0.73) (layer F.CrtYd) (width 0.05))
    (fp_line (start 1.65 0.73) (end -1.65 0.73) (layer F.CrtYd) (width 0.05))
    (fp_text user %R (at 0 0 90) (layer F.Fab)
      (effects (font (size 0.4 0.4) (thickness 0.06)))
    )
    (pad 1 smd roundrect (at -0.875 0 270) (size 1.05 0.95) (layers F.Cu F.Paste F.Mask) (roundrect_rratio 0.25)
      (net 6 +3V3))
    (pad 2 smd roundrect (at 0.875 0 270) (size 1.05 0.95) (layers F.Cu F.Paste F.Mask) (roundrect_rratio 0.25)
      (net 49 GND))
    (model ${KISYS3DMOD}/Capacitor_SMD.3dshapes/C_0603_1608Metric.wrl
      (at (xyz 0 0 0))
      (scale (xyz 1 1 1))
      (rotate (xyz 0 0 0))
    )
  )

  (module Capacitor_SMD:C_0603_1608Metric_Pad1.05x0.95mm_HandSolder (layer F.Cu) (tedit 5B301BBE) (tstamp 5D10A506)
    (at 83.9 50.4 180)
    (descr "Capacitor SMD 0603 (1608 Metric), square (rectangular) end terminal, IPC_7351 nominal with elongated pad for handsoldering. (Body size source: http://www.tortai-tech.com/upload/download/2011102023233369053.pdf), generated with kicad-footprint-generator")
    (tags "capacitor handsolder")
    (path /5D1E90E3)
    (attr smd)
    (fp_text reference C4 (at -0.9 -1.5) (layer F.SilkS)
      (effects (font (size 1 1) (thickness 0.15)))
    )
    (fp_text value 0.1uF (at 0 1.43) (layer F.Fab)
      (effects (font (size 1 1) (thickness 0.15)))
    )
    (fp_line (start -0.8 0.4) (end -0.8 -0.4) (layer F.Fab) (width 0.1))
    (fp_line (start -0.8 -0.4) (end 0.8 -0.4) (layer F.Fab) (width 0.1))
    (fp_line (start 0.8 -0.4) (end 0.8 0.4) (layer F.Fab) (width 0.1))
    (fp_line (start 0.8 0.4) (end -0.8 0.4) (layer F.Fab) (width 0.1))
    (fp_line (start -0.171267 -0.51) (end 0.171267 -0.51) (layer F.SilkS) (width 0.12))
    (fp_line (start -0.171267 0.51) (end 0.171267 0.51) (layer F.SilkS) (width 0.12))
    (fp_line (start -1.65 0.73) (end -1.65 -0.73) (layer F.CrtYd) (width 0.05))
    (fp_line (start -1.65 -0.73) (end 1.65 -0.73) (layer F.CrtYd) (width 0.05))
    (fp_line (start 1.65 -0.73) (end 1.65 0.73) (layer F.CrtYd) (width 0.05))
    (fp_line (start 1.65 0.73) (end -1.65 0.73) (layer F.CrtYd) (width 0.05))
    (fp_text user %R (at 0 0) (layer F.Fab)
      (effects (font (size 0.4 0.4) (thickness 0.06)))
    )
    (pad 1 smd roundrect (at -0.875 0 180) (size 1.05 0.95) (layers F.Cu F.Paste F.Mask) (roundrect_rratio 0.25)
      (net 6 +3V3))
    (pad 2 smd roundrect (at 0.875 0 180) (size 1.05 0.95) (layers F.Cu F.Paste F.Mask) (roundrect_rratio 0.25)
      (net 49 GND))
    (model ${KISYS3DMOD}/Capacitor_SMD.3dshapes/C_0603_1608Metric.wrl
      (at (xyz 0 0 0))
      (scale (xyz 1 1 1))
      (rotate (xyz 0 0 0))
    )
  )

  (module Capacitor_SMD:C_0603_1608Metric_Pad1.05x0.95mm_HandSolder (layer F.Cu) (tedit 5B301BBE) (tstamp 5D12959C)
    (at 76.9 46.4)
    (descr "Capacitor SMD 0603 (1608 Metric), square (rectangular) end terminal, IPC_7351 nominal with elongated pad for handsoldering. (Body size source: http://www.tortai-tech.com/upload/download/2011102023233369053.pdf), generated with kicad-footprint-generator")
    (tags "capacitor handsolder")
    (path /5D1E94DE)
    (attr smd)
    (fp_text reference C5 (at -2.6 -0.9) (layer F.SilkS)
      (effects (font (size 1 1) (thickness 0.15)))
    )
    (fp_text value 0.1uF (at 0 1.43) (layer F.Fab)
      (effects (font (size 1 1) (thickness 0.15)))
    )
    (fp_text user %R (at 0 0) (layer F.Fab)
      (effects (font (size 0.4 0.4) (thickness 0.06)))
    )
    (fp_line (start 1.65 0.73) (end -1.65 0.73) (layer F.CrtYd) (width 0.05))
    (fp_line (start 1.65 -0.73) (end 1.65 0.73) (layer F.CrtYd) (width 0.05))
    (fp_line (start -1.65 -0.73) (end 1.65 -0.73) (layer F.CrtYd) (width 0.05))
    (fp_line (start -1.65 0.73) (end -1.65 -0.73) (layer F.CrtYd) (width 0.05))
    (fp_line (start -0.171267 0.51) (end 0.171267 0.51) (layer F.SilkS) (width 0.12))
    (fp_line (start -0.171267 -0.51) (end 0.171267 -0.51) (layer F.SilkS) (width 0.12))
    (fp_line (start 0.8 0.4) (end -0.8 0.4) (layer F.Fab) (width 0.1))
    (fp_line (start 0.8 -0.4) (end 0.8 0.4) (layer F.Fab) (width 0.1))
    (fp_line (start -0.8 -0.4) (end 0.8 -0.4) (layer F.Fab) (width 0.1))
    (fp_line (start -0.8 0.4) (end -0.8 -0.4) (layer F.Fab) (width 0.1))
    (pad 2 smd roundrect (at 0.875 0) (size 1.05 0.95) (layers F.Cu F.Paste F.Mask) (roundrect_rratio 0.25)
      (net 49 GND))
    (pad 1 smd roundrect (at -0.875 0) (size 1.05 0.95) (layers F.Cu F.Paste F.Mask) (roundrect_rratio 0.25)
      (net 6 +3V3))
    (model ${KISYS3DMOD}/Capacitor_SMD.3dshapes/C_0603_1608Metric.wrl
      (at (xyz 0 0 0))
      (scale (xyz 1 1 1))
      (rotate (xyz 0 0 0))
    )
  )

  (module Capacitor_SMD:C_0603_1608Metric_Pad1.05x0.95mm_HandSolder (layer F.Cu) (tedit 5B301BBE) (tstamp 5D10A528)
    (at 78.6 52.2)
    (descr "Capacitor SMD 0603 (1608 Metric), square (rectangular) end terminal, IPC_7351 nominal with elongated pad for handsoldering. (Body size source: http://www.tortai-tech.com/upload/download/2011102023233369053.pdf), generated with kicad-footprint-generator")
    (tags "capacitor handsolder")
    (path /5D1E99E3)
    (attr smd)
    (fp_text reference C6 (at 0.9 1.5) (layer F.SilkS)
      (effects (font (size 1 1) (thickness 0.15)))
    )
    (fp_text value 0.1uF (at 0 1.43) (layer F.Fab)
      (effects (font (size 1 1) (thickness 0.15)))
    )
    (fp_line (start -0.8 0.4) (end -0.8 -0.4) (layer F.Fab) (width 0.1))
    (fp_line (start -0.8 -0.4) (end 0.8 -0.4) (layer F.Fab) (width 0.1))
    (fp_line (start 0.8 -0.4) (end 0.8 0.4) (layer F.Fab) (width 0.1))
    (fp_line (start 0.8 0.4) (end -0.8 0.4) (layer F.Fab) (width 0.1))
    (fp_line (start -0.171267 -0.51) (end 0.171267 -0.51) (layer F.SilkS) (width 0.12))
    (fp_line (start -0.171267 0.51) (end 0.171267 0.51) (layer F.SilkS) (width 0.12))
    (fp_line (start -1.65 0.73) (end -1.65 -0.73) (layer F.CrtYd) (width 0.05))
    (fp_line (start -1.65 -0.73) (end 1.65 -0.73) (layer F.CrtYd) (width 0.05))
    (fp_line (start 1.65 -0.73) (end 1.65 0.73) (layer F.CrtYd) (width 0.05))
    (fp_line (start 1.65 0.73) (end -1.65 0.73) (layer F.CrtYd) (width 0.05))
    (fp_text user %R (at 0 0) (layer F.Fab)
      (effects (font (size 0.4 0.4) (thickness 0.06)))
    )
    (pad 1 smd roundrect (at -0.875 0) (size 1.05 0.95) (layers F.Cu F.Paste F.Mask) (roundrect_rratio 0.25)
      (net 6 +3V3))
    (pad 2 smd roundrect (at 0.875 0) (size 1.05 0.95) (layers F.Cu F.Paste F.Mask) (roundrect_rratio 0.25)
      (net 49 GND))
    (model ${KISYS3DMOD}/Capacitor_SMD.3dshapes/C_0603_1608Metric.wrl
      (at (xyz 0 0 0))
      (scale (xyz 1 1 1))
      (rotate (xyz 0 0 0))
    )
  )

  (module Capacitor_SMD:C_0603_1608Metric_Pad1.05x0.95mm_HandSolder (layer F.Cu) (tedit 5B301BBE) (tstamp 5D10A539)
    (at 76.9 50.4)
    (descr "Capacitor SMD 0603 (1608 Metric), square (rectangular) end terminal, IPC_7351 nominal with elongated pad for handsoldering. (Body size source: http://www.tortai-tech.com/upload/download/2011102023233369053.pdf), generated with kicad-footprint-generator")
    (tags "capacitor handsolder")
    (path /5D1E9DB5)
    (attr smd)
    (fp_text reference C7 (at -2.7 1.1) (layer F.SilkS)
      (effects (font (size 1 1) (thickness 0.15)))
    )
    (fp_text value 0.1uF (at 0 1.43) (layer F.Fab)
      (effects (font (size 1 1) (thickness 0.15)))
    )
